1000 228.200 68.000
2000 937.400 272.700
3000 926.500 348.400
4000 1064.100 317.600
5000 1975.700 855.400
6000 1633.900 514.500
7000 1936.900 583.200
8000 2667.800 1097.200
9000 2538.900 1231.000
10000 2870.400 863.300
11000 3426.800 950.500
12000 3402.100 1042.900
13000 3505.800 1082.800
14000 4093.100 1251.700
15000 5235.000 1341.900
16000 4672.600 1593.400
17000 5119.200 1754.600
18000 5391.900 1833.600
19000 7078.000 1825.300
20000 7725.600 1934.900
21000 9280.400 2298.500
22000 8546.400 2514.500
23000 8107.100 2585.300
24000 7672.100 2427.100
25000 8825.900 3223.200
26000 10327.000 2550.400
27000 9360.000 2571.900
28000 10728.500 2882.500
29000 10189.900 3447.400
30000 10525.600 3122.100
31000 11571.700 3235.900
32000 12521.900 4454.900
33000 12281.400 3252.500
34000 14768.600 4070.400
35000 16996.100 4847.300
36000 15645.900 4329.000
37000 13502.500 4713.900
38000 13738.900 4331.300
39000 13578.800 5164.200
40000 14235.800 4528.500
41000 17579.700 5251.900
42000 14856.800 4977.400
43000 14864.100 6541.500
44000 19406.900 6764.200
45000 19459.400 6753.800
46000 24377.900 6731.600
47000 22108.500 9305.000
48000 27939.500 7542.200
49000 27718.100 8661.400
50000 26575.700 8156.800
51000 22757.600 7603.900
52000 19355.600 6788.300
53000 21893.700 8088.000
54000 20180.500 7315.700
55000 21417.700 7106.000
56000 22516.800 7752.500
57000 20817.400 8104.800
58000 21462.500 7563.000
59000 22299.600 8112.500
60000 24896.700 8647.500
61000 23798.400 8315.800
62000 24009.700 7953.600
63000 22296.900 9176.600
64000 22550.800 8246.700
65000 22069.700 9213.800
66000 24053.300 8058.200
67000 24969.400 12031.000
68000 28441.500 12069.400
69000 34340.000 10278.400
70000 36790.000 10752.100
71000 35011.700 13533.200
72000 34859.200 12386.400
73000 39045.100 12220.500
74000 33772.700 14237.500
75000 39619.800 14887.600
76000 36157.100 14099.300
77000 32156.300 14909.400
78000 32510.400 15311.700
79000 32407.900 12980.300
80000 30522.400 13772.300
81000 32252.000 13879.800
82000 30269.600 15004.900
83000 30990.700 14220.800
84000 30884.700 14618.400
85000 36082.700 13894.200
86000 32430.200 13790.500
87000 33396.700 16078.400
88000 33047.400 15845.100
89000 34467.600 13982.100
90000 35811.000 15072.700
91000 33884.500 16219.100
92000 36431.600 16250.400
93000 34990.500 15803.700
94000 34624.000 16445.700
95000 36949.600 17695.000
96000 38330.600 15074.800
97000 37892.200 17279.900
98000 37868.500 16135.100
99000 44736.900 18843.500
100000 40217.900 18238.800
101000 40252.800 17897.000
102000 42321.800 15769.200
103000 42948.300 18703.900
104000 41529.400 19666.100
105000 40967.000 18231.100
106000 41725.200 19939.200
107000 41994.800 18399.100
108000 47520.700 20620.000
109000 44089.400 17551.900
110000 43766.300 20680.500
111000 42159.700 20185.000
112000 43488.200 20141.300
113000 49425.500 22868.200
114000 54087.300 21752.700
115000 49421.300 20641.500
116000 47368.900 19912.900
117000 48518.500 21080.300
118000 46490.400 19900.500
119000 47765.600 20433.400
120000 51779.600 19977.500
121000 47622.300 22502.200
122000 51859.500 21729.700
123000 47614.600 21497.100
124000 56240.700 20850.800
125000 48177.300 23756.200
126000 50064.400 22507.400
127000 48292.000 22866.700
128000 51603.600 22994.900
129000 52009.700 21553.800
130000 54770.700 25687.600
131000 52981.600 22981.700
132000 52217.600 22969.000
133000 55037.200 23008.900
134000 62651.800 22370.600
135000 57008.300 21682.400
136000 57405.500 21026.800
137000 57817.100 22328.100
138000 56254.200 24780.400
139000 58464.300 24448.900
140000 62528.200 24992.400
141000 60168.500 23898.400
142000 59576.700 23991.400
143000 60307.500 25256.400
144000 61361.900 27132.500
145000 60455.600 24400.200
146000 59941.400 23121.600
147000 63193.100 23971.100
148000 65466.300 25239.100
149000 69983.400 25261.000
150000 64746.200 27393.500
151000 66534.200 25746.300
152000 64645.300 26297.800
153000 66000.800 26494.700
154000 67422.500 25220.900
155000 65226.600 27325.700
156000 66914.200 27723.500
157000 68495.000 28564.400
158000 67942.200 28900.500
159000 68247.800 32712.900
160000 82480.900 29178.900
161000 70452.000 28866.700
162000 75227.400 28804.100
163000 65960.900 28320.600
164000 66960.300 28106.600
165000 73385.400 30385.800
166000 71501.600 30143.500
167000 68823.600 29614.800
168000 71157.300 28295.500
169000 69462.200 33612.000
170000 72983.000 30017.700
171000 71822.700 30201.900
172000 72182.600 31866.300
173000 76683.300 31681.900
174000 73443.600 31008.100
175000 77468.100 29665.600
176000 74591.800 29658.700
177000 74708.400 32671.300
178000 75595.400 28371.800
179000 75985.300 30540.400
180000 78885.300 31116.300
181000 83111.600 30992.600
182000 80957.100 31390.200
183000 82084.500 32335.300
184000 79593.300 31651.500
185000 81626.400 31583.800
186000 80260.500 33803.800
187000 83049.400 30697.900
188000 83980.000 35913.800
189000 85628.800 32435.400
190000 85623.300 34219.500
191000 84585.600 33443.200
192000 85630.100 32769.000
193000 86479.900 34747.900
194000 87618.700 33583.100
195000 84675.400 35154.400
196000 86818.300 39549.300
197000 101176.800 35197.500
198000 91640.700 35718.000
199000 93905.400 34619.800
200000 85419.300 33199.200
201000 90660.900 36305.500
202000 91151.800 37363.500
203000 86768.400 37423.000
204000 90562.200 32239.000
205000 90074.100 39633.600
206000 89347.700 35205.600
207000 87842.500 37173.900
208000 92555.100 35745.600
209000 98060.400 35558.000
210000 94303.500 34161.000
211000 93720.700 35960.500
212000 92805.400 38572.100
213000 90215.700 36403.600
214000 93622.600 40002.900
215000 93615.400 36881.600
216000 97701.700 37081.100
217000 96741.500 35817.000
218000 97248.700 39653.100
219000 96987.100 37218.200
220000 98970.500 39817.400
221000 96667.800 39051.000
222000 118049.800 41278.900
223000 98497.600 39900.500
224000 100453.600 40603.300
225000 102761.100 39227.500
226000 100198.900 39260.800
227000 101856.300 43657.300
228000 122539.900 49239.800
229000 110894.700 42462.600
230000 104499.400 39799.600
231000 99153.100 39716.500
232000 98154.100 37622.400
233000 104575.700 38797.000
234000 106866.200 41551.800
235000 98190.000 39580.400
236000 99772.200 42675.800
237000 99632.300 40580.900
238000 103710.500 40987.200
239000 106958.600 44062.500
240000 106024.900 40317.500
241000 107116.600 40894.600
242000 105591.400 43272.600
243000 104002.000 42786.300
244000 103218.900 40645.700
245000 112190.200 43304.300
246000 109403.900 43245.700
247000 108191.000 43146.100
248000 113875.800 46158.200
249000 112294.900 44678.800
250000 111461.300 43763.500
251000 127170.400 44657.000
252000 113201.500 44341.800
253000 111985.200 49608.200
254000 115665.800 44894.500
255000 110554.900 44944.900
256000 129173.700 56928.500
257000 120190.300 49352.300
258000 121310.200 53061.000
259000 127192.300 51477.600
260000 124291.400 49678.500
261000 133101.500 50823.000
262000 125944.100 53565.500
263000 131412.700 48126.700
264000 125463.800 50109.800
265000 125605.000 44715.500
266000 129846.200 55652.200
267000 131736.200 50532.500
268000 127453.400 50232.700
269000 127606.100 51336.600
270000 117666.100 49086.200
271000 124236.700 47726.700
272000 122048.500 47552.900
273000 123814.700 51663.500
274000 122937.100 49070.800
275000 126007.300 50229.400
276000 133891.600 48508.100
277000 123821.200 50647.600
278000 132473.500 55811.200
279000 136306.500 53630.500
280000 148078.700 69628.000
281000 138660.200 53024.900
282000 130874.400 56837.000
283000 136307.700 55915.600
284000 133773.100 53674.900
285000 129680.200 50040.900
286000 130043.400 57946.200
287000 136740.800 55737.900
288000 126081.000 48830.700
289000 135482.600 55427.600
290000 145472.900 52177.600
291000 133415.800 54986.900
292000 139809.600 51355.900
293000 137072.100 66457.600
294000 161694.400 53796.900
295000 138106.200 57136.000
296000 144684.100 63058.900
297000 146439.700 57692.200
298000 137647.800 60841.000
299000 141349.500 60301.100
300000 161790.700 61489.200
301000 147028.200 56307.600
302000 151286.200 55766.000
303000 147823.200 59555.400
304000 133224.600 51862.400
305000 155402.800 72002.500
306000 170412.600 61599.700
307000 174069.500 74059.600
308000 155490.000 55600.300
309000 147752.300 59646.600
310000 186307.700 69194.500
311000 177731.800 52106.800
312000 135133.600 55472.700
313000 144459.100 59081.900
314000 144807.500 56458.500
315000 144911.000 57480.500
316000 144961.000 56541.100
317000 156219.400 57942.800
318000 148549.200 57861.800
319000 145015.100 61506.500
320000 142042.600 56132.200
321000 143838.200 58973.400
322000 153522.300 70338.600
323000 153567.700 60055.600
324000 146576.200 55767.900
325000 144088.000 57032.400
326000 146914.700 58551.700
327000 144660.100 59072.000
328000 150281.200 58058.000
329000 148635.200 59333.800
330000 148940.900 57233.300
331000 153560.200 60921.200
332000 155395.700 67480.500
333000 156164.800 68939.700
334000 163012.400 67302.500
335000 222357.600 67430.600
336000 172039.900 68888.900
337000 191705.000 65001.600
338000 178560.500 66574.500
339000 162164.800 68625.000
340000 173878.800 64550.500
341000 164464.800 72849.900
342000 172863.900 69020.200
343000 164248.200 68788.800
344000 165624.800 65761.200
345000 162562.800 67294.400
346000 157538.400 67965.800
347000 164805.700 68584.700
348000 167627.500 66394.300
349000 171243.300 61488.100
350000 184169.600 83687.800
351000 191377.100 83655.400
352000 175658.000 74957.800
353000 214761.200 71983.200
354000 167745.600 74646.900
355000 203680.600 75515.500
356000 186749.900 66999.100
357000 164797.900 83280.600
358000 210966.400 71535.400
359000 207856.000 78524.600
360000 183077.700 68751.800
361000 169824.800 70948.100
362000 175008.500 73519.600
363000 175779.300 68987.000
364000 171946.400 75099.500
365000 222577.100 75500.400
366000 212797.100 81664.100
367000 212421.900 79381.400
368000 184881.400 74092.900
369000 181940.400 74646.600
370000 177038.400 70770.200
371000 189951.300 77215.200
372000 211261.000 91239.500
373000 183836.800 70437.900
374000 173144.700 73949.800
375000 195781.900 93569.100
376000 235752.300 84708.700
377000 217590.700 92102.400
378000 211256.700 78766.700
379000 186305.700 75916.000
380000 176217.900 75497.000
381000 184990.000 97074.800
382000 210491.400 78734.600
383000 181983.000 75769.200
384000 206757.700 81369.200
385000 217051.900 93113.300
386000 223214.000 95373.800
387000 229653.400 92375.500
388000 257376.200 87050.200
389000 234720.400 86988.200
390000 257816.200 100653.800
391000 240622.600 95507.700
392000 222534.200 88664.300
393000 234867.000 87543.000
394000 219488.200 90845.200
395000 222289.700 94490.200
396000 243177.000 93501.900
397000 231783.600 95287.500
398000 245115.500 89845.500
399000 243910.300 102710.700
400000 255338.000 88676.300
401000 246038.400 94583.500
402000 235840.300 97252.200
403000 263373.800 116839.900
404000 231011.600 86341.400
405000 229138.600 86121.100
406000 190196.600 70720.200
407000 194110.600 81717.200
408000 189731.300 81098.800
409000 198998.200 85748.100
410000 196889.200 86200.100
411000 192240.400 86030.300
412000 193843.000 90396.900
413000 224676.900 94488.600
414000 206225.900 84608.100
415000 233611.900 87273.900
416000 202547.600 89171.100
417000 203319.100 85173.200
418000 213809.500 92499.200
419000 200452.900 79871.300
420000 189261.000 76980.300
421000 193948.200 80296.800
422000 186582.300 80534.500
423000 187400.800 80437.200
424000 193004.100 81536.300
425000 183217.000 81436.700
426000 185324.200 76162.100
427000 190016.600 79865.000
428000 198426.700 81501.800
429000 190479.200 82474.800
430000 199947.000 84840.200
431000 218762.600 93430.800
432000 210624.000 86255.900
433000 199919.500 88340.500
434000 229019.500 112673.000
435000 210862.000 88587.700
436000 209967.000 85303.200
437000 218246.200 93826.400
438000 201879.900 85783.000
439000 210328.400 88694.300
440000 218612.400 93662.600
441000 239171.800 90052.400
442000 219170.600 95486.700
443000 222138.400 90010.400
444000 214918.100 94131.300
445000 225770.400 100630.300
446000 223084.600 90850.700
447000 224590.400 130110.400
448000 239338.100 103847.700
449000 211226.400 86256.700
450000 202462.000 91167.700
451000 251751.100 90062.200
452000 253928.700 109568.600
453000 250806.400 105767.700
454000 217781.200 90076.500
455000 200958.300 81431.600
456000 206897.300 88557.300
457000 216559.100 91958.600
458000 213036.100 85211.600
459000 215301.400 90555.600
460000 216351.200 93251.700
461000 214344.000 82256.800
462000 212684.500 89697.300
463000 253755.900 93466.000
464000 208117.800 84047.100
465000 207909.300 90129.900
466000 222203.200 82795.100
467000 208165.400 91429.900
468000 218000.900 91756.700
469000 216340.200 96171.500
470000 207304.500 92311.900
471000 217090.600 88708.600
472000 220258.200 96213.000
473000 216440.900 94484.000
474000 225606.100 93487.700
475000 225726.000 102049.100
476000 234495.300 98623.600
477000 248200.200 106160.600
478000 245076.700 96452.100
479000 306549.000 100098.200
480000 226072.200 87615.500
481000 209550.300 94609.100
482000 213534.100 90034.100
483000 218793.300 90371.000
484000 217678.200 97081.800
485000 227774.400 98083.400
486000 276312.200 112096.300
487000 277001.300 115648.700
488000 295903.600 120246.200
489000 309875.000 114462.800
490000 306016.000 125496.700
491000 242563.000 121550.800
492000 227431.100 99028.400
493000 256932.400 99326.100
494000 226041.300 89007.400
495000 235314.300 99334.500
496000 220927.500 103518.900
497000 244671.900 103086.400
498000 251070.500 105488.800
499000 260551.700 102102.600
500000 237074.700 108497.100
501000 259839.900 106221.400
502000 306355.600 118314.700
503000 286786.300 93916.300
504000 294189.100 128956.500
505000 262652.900 124174.400
506000 270636.900 100358.000
507000 290467.100 100077.500
508000 288394.900 107323.100
509000 235276.600 120661.900
510000 267787.600 97471.100
511000 284423.400 98706.600
512000 248292.700 121264.200
513000 278183.500 102507.600
514000 254963.800 145050.200
515000 326412.200 117740.800
516000 271379.600 111913.500
517000 311984.800 115439.200
518000 317997.100 117278.700
519000 327295.200 122952.400
520000 275286.800 105254.400
521000 234295.000 98932.800
522000 249032.400 99870.700
523000 247192.100 111651.700
524000 246362.100 102315.600
525000 295649.300 146742.800
526000 351201.800 128739.100
527000 269253.700 101647.900
528000 264038.600 108397.500
529000 320051.900 106379.400
530000 257003.500 103801.200
531000 269205.800 109418.300
532000 265621.200 111954.700
533000 342752.100 127165.200
534000 268945.600 113389.800
535000 279476.400 126778.800
536000 292736.200 113370.500
537000 301548.800 99961.200
538000 241311.100 103508.400
539000 251201.600 102347.700
540000 245114.800 107688.200
541000 246031.900 109961.400
542000 249243.100 97432.700
543000 260479.400 101807.100
544000 256692.600 107719.500
545000 256213.600 109452.000
546000 254927.700 110310.200
547000 255394.900 104422.000
548000 261250.800 110678.400
549000 257141.500 126527.800
550000 272980.200 106990.700
551000 255154.600 109688.800
552000 258174.600 105903.500
553000 250701.100 107410.500
554000 251582.100 109195.600
555000 253491.100 104596.600
556000 288020.700 141589.400
557000 285355.100 107799.500
558000 271333.700 109305.700
559000 270996.900 111116.900
560000 334311.200 135535.800
561000 388929.600 135123.100
562000 331731.700 135546.200
563000 340722.700 113232.300
564000 284634.600 118932.900
565000 366053.000 115195.600
566000 257972.100 111023.500
567000 266382.500 111871.700
568000 346913.900 136293.700
569000 353405.500 141533.800
570000 341902.400 140830.100
571000 372798.600 156522.200
572000 357219.400 142593.200
573000 348641.500 139634.500
574000 353178.300 137940.200
575000 283597.200 122281.100
576000 269338.600 121726.100
577000 296166.300 126751.800
578000 338427.500 144972.500
579000 300433.700 114798.800
580000 285109.200 127982.600
581000 341957.800 131002.400
582000 348137.500 147339.300
583000 277990.000 111605.000
584000 263066.500 110708.300
585000 276348.300 119648.200
586000 266636.400 117224.500
587000 270020.700 125165.100
588000 338439.400 140952.400
589000 348998.900 145835.900
590000 380316.800 146635.200
591000 353203.800 134522.300
592000 347182.000 115154.000
593000 358810.100 127277.800
594000 283639.900 127533.200
595000 303133.800 123711.500
596000 293281.500 121680.900
597000 302265.100 118650.900
598000 285962.000 118476.100
599000 313255.700 120195.300
600000 312708.600 137712.900
601000 350370.900 127614.800
602000 399063.800 134803.800
603000 314292.000 131727.300
604000 326732.100 135198.900
605000 307164.900 127746.100
606000 284203.900 121816.400
607000 278094.000 121558.500
608000 322004.600 133494.900
609000 350399.100 131152.600
610000 364794.000 140464.900
611000 340350.200 131792.900
612000 314627.000 114227.300
613000 338487.400 125388.100
614000 305871.300 141927.100
615000 304759.800 123463.900
616000 311525.300 133221.700
617000 300476.800 136565.100
618000 313062.500 132916.700
619000 325314.500 133696.600
620000 309832.300 122991.400
621000 315893.700 139691.100
622000 345764.400 137694.000
623000 391241.600 147748.700
624000 324206.800 154036.400
625000 399211.100 170185.300
626000 437354.500 141186.700
627000 363839.700 131113.400
628000 299692.400 126079.900
629000 314257.100 126953.700
630000 308006.700 133732.600
631000 336025.500 128995.100
632000 323094.700 134403.000
633000 413735.500 146328.600
634000 384283.000 142856.800
635000 450090.500 176068.400
636000 380980.000 137188.600
637000 337926.300 137833.600
638000 324172.800 130771.900
639000 355087.700 157125.500
640000 451891.800 169499.100
641000 349907.200 127537.900
642000 324989.900 127464.900
643000 299039.500 130262.200
644000 315458.800 138887.900
645000 335438.500 137440.600
646000 334222.400 137958.500
647000 340917.400 137810.600
648000 329934.700 143230.000
649000 344146.100 159797.200
650000 391117.500 135660.900
651000 347167.500 148205.500
652000 359858.100 139118.100
653000 349120.900 145091.000
654000 352567.300 143734.100
655000 357041.400 153230.400
656000 328193.000 136069.900
657000 379761.300 151763.300
658000 332710.400 172395.800
659000 437289.800 143496.400
660000 316674.500 142435.200
661000 345032.900 137854.200
662000 367569.700 147369.400
663000 359347.800 140796.200
664000 356455.200 156638.600
665000 365841.800 145050.300
666000 360863.300 165491.900
667000 354122.300 153015.900
668000 338164.000 140497.500
669000 307613.900 129331.200
670000 338394.400 141410.200
671000 385871.400 155143.100
672000 384079.800 145008.600
673000 380577.800 151615.400
674000 417074.000 155083.100
675000 380144.300 141059.400
676000 341442.500 166861.400
677000 367410.400 146685.100
678000 345077.800 145785.300
679000 362942.600 148927.900
680000 387488.200 152512.300
681000 356529.100 153987.700
682000 343336.200 134727.400
683000 330737.700 133055.700
684000 329357.500 134188.800
685000 322449.200 128842.900
686000 350892.400 155326.200
687000 351637.800 142988.400
688000 349468.100 143922.900
689000 338256.500 140857.600
690000 331439.300 138501.300
691000 337950.700 140218.400
692000 354995.600 145876.200
693000 340609.000 147652.700
694000 341801.600 143055.100
695000 343305.600 167484.400
696000 385976.600 143383.400
697000 333389.000 134967.200
698000 336167.000 147817.800
699000 374583.600 168170.800
700000 337454.900 153896.900
701000 339792.300 141322.800
702000 343422.600 142304.900
703000 350452.100 144616.900
704000 356067.800 160083.700
705000 344445.900 149907.400
706000 362613.800 149380.000
707000 375677.000 151762.100
708000 361493.300 146175.300
709000 366196.100 154165.400
710000 346712.800 142177.300
711000 361618.800 156313.300
712000 345515.000 163489.100
713000 345961.200 148674.100
714000 446200.500 167060.500
715000 380865.700 166337.700
716000 356580.600 177442.000
717000 398666.000 144812.100
718000 367534.100 156086.200
719000 346864.600 149514.900
720000 343217.300 145907.300
721000 369237.900 156147.800
722000 384968.900 180064.400
723000 371946.800 138667.800
724000 340310.500 151826.700
725000 354812.600 147963.000
726000 348747.200 139006.000
727000 343793.700 145591.800
728000 352217.700 143117.500
729000 348682.500 161770.800
730000 400994.300 155698.800
731000 364867.000 181274.000
732000 411322.400 153291.000
733000 399885.100 163099.300
734000 382530.900 151094.800
735000 374722.500 160366.800
736000 385722.300 161412.100
737000 406335.200 156951.400
738000 373113.400 163648.600
739000 382333.800 165146.500
740000 392134.400 150255.400
741000 391121.500 164148.400
742000 420075.900 168503.000
743000 411099.300 177697.700
744000 415568.300 161900.800
745000 439474.800 176893.200
746000 481088.400 151988.700
747000 362891.600 176166.000
748000 386904.600 188517.100
749000 458859.000 200628.900
750000 455903.200 157827.900
751000 351015.500 153657.700
752000 355025.500 153647.800
753000 358287.900 151110.700
754000 362304.900 148023.200
755000 356553.400 139154.200
756000 386979.800 163076.000
757000 355054.700 151611.700
758000 353199.000 151533.400
759000 349281.900 147624.700
760000 353367.500 154675.200
761000 358169.700 162782.700
762000 481068.400 178612.800
763000 488094.100 231758.200
764000 392242.600 181841.400
765000 382898.000 165169.400
766000 385133.100 167103.800
767000 406295.700 147261.600
768000 432849.000 161628.800
769000 382111.200 163636.400
770000 397945.600 163599.600
771000 454409.300 158819.700
772000 375286.300 174685.800
773000 420436.500 188048.700
774000 449379.900 167989.200
775000 426699.400 162631.900
776000 411653.500 198901.200
777000 375903.500 161041.800
778000 395665.400 170844.100
779000 401779.600 162280.400
780000 398658.300 186364.500
781000 457884.600 159256.200
782000 426652.700 172708.900
783000 497205.700 199231.100
784000 444630.400 168986.200
785000 393689.900 177192.400
786000 503784.500 186588.100
787000 478622.500 188016.500
788000 528667.100 200109.300
789000 476603.200 184375.700
790000 489615.700 182869.700
791000 426300.100 201283.500
792000 394201.100 159402.600
793000 393720.400 164128.200
794000 387063.200 155780.000
795000 395013.300 168338.500
796000 381336.700 152596.900
797000 377870.700 152616.200
798000 375828.000 153882.300
799000 382415.200 172038.000
800000 391547.000 160787.800
801000 463572.400 170794.800
802000 392053.000 159029.100
803000 383695.500 169520.300
804000 411041.000 164624.200
805000 379500.400 156423.900
806000 378719.200 157199.400
807000 369702.700 163905.400
808000 388092.800 163652.000
809000 393342.600 169075.800
810000 397992.000 161973.800
811000 392394.200 163326.900
812000 411395.900 165233.800
813000 375807.400 163960.800
814000 376701.900 155365.000
815000 387080.100 158261.000
816000 386189.300 167113.300
817000 425195.300 168759.600
818000 405366.700 169922.000
819000 388331.300 162241.300
820000 389092.800 187527.600
821000 391787.000 155901.900
822000 407536.400 160796.900
823000 383420.200 156142.600
824000 405126.000 177351.600
825000 423343.100 181275.600
826000 400664.500 180343.300
827000 450942.700 200980.000
828000 496039.600 218594.400
829000 402161.900 190596.700
830000 419910.700 197745.800
831000 496962.400 178446.500
832000 469710.500 167348.500
833000 407455.100 167884.900
834000 408041.800 171585.900
835000 407992.800 161717.500
836000 458635.000 167200.800
837000 416831.800 182587.600
838000 405060.800 169697.500
839000 386483.300 162165.000
840000 409751.600 174756.000
841000 412177.900 172928.400
842000 405875.800 175836.700
843000 403236.200 167941.000
844000 441305.100 166182.200
845000 396286.300 160773.300
846000 401257.700 160233.400
847000 400833.300 161111.500
848000 402691.000 164930.100
849000 412882.100 171068.000
850000 417394.100 170872.500
851000 408559.100 165048.300
852000 433230.100 171745.300
853000 406352.700 166075.500
854000 420428.300 219701.800
855000 448767.600 189730.900
856000 416601.900 175592.500
857000 529460.900 222238.000
858000 536091.300 209745.700
859000 566435.600 224685.900
860000 538406.900 208632.300
861000 575091.200 196237.500
862000 546581.800 217867.700
863000 551319.700 212783.600
864000 540481.200 202572.200
865000 569892.700 204929.400
866000 536048.600 214312.500
867000 465231.000 168166.000
868000 430514.900 172767.300
869000 433503.200 174077.200
870000 442024.800 177928.400
871000 423863.300 175917.000
872000 430186.500 188385.700
873000 418452.100 165396.300
874000 401596.600 169415.600
875000 412480.400 168819.800
876000 420178.200 180193.400
877000 426175.400 175729.400
878000 431905.500 171006.000
879000 423119.600 181126.700
880000 548355.200 195059.700
881000 536016.900 217804.200
882000 484839.200 189364.600
883000 449350.500 203446.600
884000 445897.000 177434.500
885000 467685.900 196268.300
886000 497816.200 181143.100
887000 513477.300 193984.900
888000 422347.100 166134.600
889000 421614.700 172283.900
890000 423667.200 170680.400
891000 439352.500 171077.100
892000 433337.500 183258.800
893000 514821.400 213698.700
894000 604230.200 238894.600
895000 491871.300 186749.100
896000 554152.400 215895.200
897000 557656.100 229464.900
898000 578558.500 213399.600
899000 564278.700 234593.500
900000 603780.200 216648.000
901000 565045.200 238791.300
902000 566214.300 190135.900
903000 527661.400 228574.200
904000 450794.100 181834.700
905000 434746.400 180380.800
906000 423657.600 189439.200
907000 453970.800 181667.600
908000 438848.300 172465.800
909000 423465.400 187329.200
910000 434847.000 186966.700
911000 454578.100 192423.500
912000 446796.800 185694.400
913000 436662.400 177926.700
914000 467242.400 191802.000
915000 432152.600 171997.900
916000 434847.900 187007.900
917000 446337.200 181160.700
918000 443285.400 181913.400
919000 454283.500 188836.300
920000 452218.100 189929.500
921000 440327.900 199000.500
922000 455945.300 184686.300
923000 447556.500 191031.100
924000 445056.900 190235.400
925000 441447.300 189758.700
926000 449601.900 198375.000
927000 451510.700 188815.200
928000 447622.100 178949.900
929000 497943.900 203208.000
930000 469198.800 198415.500
931000 473590.000 197508.700
932000 471427.900 198326.500
933000 449886.000 191478.800
934000 454941.200 184640.500
935000 455258.700 191474.000
936000 484628.000 188356.800
937000 444944.500 184043.000
938000 443994.100 187677.500
939000 447123.200 186299.500
940000 458621.800 199920.900
941000 460843.300 188265.900
942000 462566.000 187982.500
943000 483557.200 202175.000
944000 458117.100 180871.900
945000 438538.300 186506.400
946000 447832.200 194966.600
947000 458017.800 189115.700
948000 468167.100 190028.000
949000 471518.900 193732.100
950000 461878.000 225855.000
951000 460192.500 195838.400
952000 456787.300 188069.000
953000 483440.300 232100.100
954000 549376.400 220067.700
955000 546828.800 191003.000
956000 480279.600 183505.100
957000 510239.600 204721.200
958000 467317.800 181194.300
959000 478042.900 193584.200
960000 464695.300 197870.400
961000 473329.700 204467.300
962000 525110.700 236163.700
963000 602470.300 241830.400
964000 646140.000 227539.000
965000 598357.700 229775.100
966000 612435.700 252660.300
967000 609795.300 240758.400
968000 588444.300 280832.500
969000 654688.000 243876.100
970000 510972.300 216980.900
971000 517237.700 192098.900
972000 521147.100 196027.500
973000 479465.600 202349.700
974000 480186.700 191304.500
975000 473345.300 231932.000
976000 485054.300 197190.000
977000 471767.100 196635.900
978000 466835.000 189736.600
979000 469340.500 194550.500
980000 485012.300 196783.500
981000 477777.100 202736.900
982000 472465.400 225336.700
983000 487268.100 188981.400
984000 474560.900 207260.400
985000 473941.000 193190.600
986000 497609.800 246920.400
987000 556779.900 247104.500
988000 543627.500 202652.000
989000 545922.100 215844.100
990000 478562.200 197693.600
991000 473293.600 189442.000
992000 475945.800 210917.200
993000 487264.900 195083.900
994000 492102.000 203525.900
995000 472465.900 196465.300
996000 514557.600 204012.400
997000 473380.000 194014.400
998000 476264.900 201502.900
999000 476783.200 204471.600
1000000 493508.500 206690.100
1001000 493383.500 200108.100
1002000 478981.500 227182.700
1003000 490751.500 209967.600
1004000 471964.500 189953.300
1005000 476172.000 196548.000
1006000 483461.000 214985.700
1007000 504587.400 210569.300
1008000 499324.000 205788.300
1009000 506757.700 224089.600
1010000 483574.600 205536.600
1011000 483907.500 202082.300
1012000 492537.700 207300.200
1013000 495171.600 216880.900
1014000 495130.700 203689.100
1015000 517499.000 197380.900
1016000 597421.900 236321.000
1017000 560510.300 218239.300
1018000 526117.200 205606.400
1019000 526336.900 226508.000
1020000 538567.400 244367.500
1021000 632677.500 290844.800
1022000 739642.100 266563.700
1023000 708571.200 267432.700
1024000 634510.000 214618.000
1025000 535921.600 213910.700
1026000 531900.500 237329.300
1027000 568274.200 319070.700
1028000 544798.200 217467.500
1029000 598180.000 244988.500
1030000 600895.400 238325.900
1031000 597870.700 247987.400
1032000 556857.600 243398.000
1033000 569056.400 241395.500
1034000 493307.300 241539.500
1035000 529007.800 240891.900
1036000 518860.900 225242.600
1037000 553311.900 221374.600
1038000 564455.800 222368.700
1039000 565901.500 234099.600
1040000 578180.900 226240.800
1041000 545356.100 242579.800
1042000 626619.400 225988.800
1043000 564879.800 253264.800
1044000 566370.600 246388.400
1045000 584701.200 229940.500
1046000 543313.900 230304.600
1047000 553356.300 234680.500
1048000 552816.900 232894.500
1049000 540245.400 226171.100
1050000 516735.800 245803.300
1051000 548015.200 241632.200
1052000 591901.600 275955.500
1053000 619114.300 255726.200
1054000 629894.800 256681.900
1055000 621232.900 240629.200
1056000 661507.800 252349.100
1057000 584450.000 240470.600
1058000 551601.700 227075.600
1059000 573887.000 239915.400
1060000 556230.400 276098.300
1061000 574090.200 259447.600
1062000 564055.500 249680.800
1063000 605951.600 259930.300
1064000 603365.900 258019.500
1065000 614424.400 253578.600
1066000 593279.100 231584.800
1067000 564742.500 222280.500
1068000 537394.500 243225.800
1069000 566552.000 224463.600
1070000 547704.600 246750.000
1071000 567590.900 227035.100
1072000 550158.500 209535.200
1073000 589620.000 234984.800
1074000 620965.000 226055.200
1075000 553797.900 232695.400
1076000 558863.200 242623.700
1077000 601776.800 256220.700
1078000 611589.500 267612.700
1079000 624535.000 268777.200
1080000 619539.400 258436.200
1081000 608280.600 253698.100
1082000 618942.700 260454.500
1083000 611803.100 251378.000
1084000 636803.800 248906.700
1085000 661076.700 295594.000
1086000 638864.000 256287.400
1087000 658164.300 274732.800
1088000 618779.200 274296.500
1089000 695200.800 250323.400
1090000 590121.100 254066.300
1091000 654967.600 272182.900
1092000 671714.200 279703.000
1093000 656127.600 261160.600
1094000 649014.700 258774.100
1095000 592116.700 253238.500
1096000 625099.800 262468.000
1097000 620318.700 249801.300
1098000 605965.500 268440.600
1099000 615495.400 250947.000
1100000 578571.400 252792.300
1101000 563197.900 244073.800
1102000 528103.200 243475.600
1103000 597576.800 248533.600
1104000 554963.100 223933.100
1105000 539612.700 258912.100
1106000 548612.300 245539.000
1107000 594775.700 236666.700
1108000 547898.400 231889.200
1109000 554333.900 239205.100
1110000 588277.800 237660.700
1111000 643445.200 254417.200
1112000 639091.100 227696.600
1113000 579708.700 237906.100
1114000 561678.100 237985.900
1115000 580412.400 242236.800
1116000 581551.100 278157.800
1117000 610155.900 269806.600
1118000 611547.000 269831.500
1119000 648231.000 277449.100
1120000 649694.900 272157.700
1121000 623278.500 263673.900
1122000 693207.500 263684.300
1123000 649050.300 261248.500
1124000 651673.800 269960.500
1125000 609109.300 264753.500
1126000 589816.800 264204.700
1127000 649032.500 254443.100
1128000 617669.900 254019.100
1129000 597469.300 255782.000
1130000 622835.600 260254.400
1131000 620251.600 308097.300
1132000 648547.100 277021.200
1133000 624627.300 254081.400
1134000 581121.200 250823.200
1135000 585043.600 258738.100
1136000 610259.200 251852.300
1137000 581814.000 240764.700
1138000 614604.400 240871.400
1139000 554687.800 249078.200
1140000 579315.400 250381.700
1141000 609665.000 268344.000
1142000 601251.400 257512.200
1143000 597289.600 264619.900
1144000 601429.600 245485.300
1145000 615065.600 267858.300
1146000 601229.800 254095.600
1147000 588197.200 262268.900
1148000 621668.000 271228.400
1149000 667174.700 293376.600
1150000 598403.700 251577.300
1151000 604508.900 265638.500
1152000 618476.500 265027.300
1153000 612970.800 263926.200
1154000 639842.200 261341.100
1155000 648108.600 275010.500
1156000 601348.700 257797.600
1157000 635933.800 291012.300
1158000 607275.600 251616.100
1159000 643446.300 297384.500
1160000 619393.400 260064.400
1161000 633667.800 244707.800
1162000 640889.600 268783.400
1163000 629930.100 273026.000
1164000 590987.500 260341.300
1165000 640080.100 263012.400
1166000 620651.100 274051.200
1167000 624449.100 272902.300
1168000 638893.500 269785.100
1169000 618191.700 271634.400
1170000 693364.000 267776.100
1171000 588064.100 255787.500
1172000 592541.000 262011.100
1173000 618239.700 251054.300
1174000 616818.400 261570.100
1175000 599455.200 285448.900
1176000 614890.900 266783.400
1177000 667050.400 280741.700
1178000 693412.200 293808.300
1179000 701152.900 279224.000
1180000 725744.300 282164.500
1181000 668016.800 281470.200
1182000 685877.100 280595.900
1183000 723190.900 295048.700
1184000 653026.700 267636.100
1185000 648392.200 265576.200
1186000 628662.800 270692.700
1187000 671513.700 300708.800
1188000 668497.100 270951.700
1189000 622432.700 267809.500
1190000 654696.900 283704.000
1191000 653320.700 293177.100
1192000 708847.700 283165.200
1193000 696388.200 310176.500
1194000 750254.700 302100.300
1195000 728549.500 294642.800
1196000 700825.200 296697.500
1197000 682606.200 282731.900
1198000 674353.400 280948.800
1199000 645988.700 266946.900
1200000 644759.600 278901.200
1201000 634256.400 280778.500
1202000 649874.000 282186.000
1203000 659633.600 273962.200
1204000 650070.400 279700.600
1205000 660115.300 280493.500
1206000 658681.000 272026.800
1207000 743164.200 275513.300
1208000 679529.100 284694.100
1209000 676410.500 257672.500
1210000 683389.900 269707.300
1211000 654981.600 258531.800
1212000 618746.800 279719.300
1213000 698757.000 286409.600
1214000 638513.300 276173.100
1215000 673869.000 277576.100
1216000 649640.000 272828.900
1217000 694123.100 288392.300
1218000 704102.600 280340.100
1219000 651861.000 281201.600
1220000 680196.400 271341.300
1221000 667316.500 296935.700
1222000 652830.000 302122.000
1223000 665906.600 274321.400
1224000 641187.600 283779.800
1225000 675959.900 257998.200
1226000 666603.500 295330.300
1227000 659270.100 270007.700
1228000 623057.000 256697.100
1229000 589867.100 253139.300
1230000 655146.000 278025.400
1231000 663996.200 282005.700
1232000 656316.200 282679.000
1233000 696203.000 284408.200
1234000 679562.100 281316.400
1235000 710352.800 267628.100
1236000 697646.700 284263.800
1237000 694569.200 280406.900
1238000 674608.600 294845.600
1239000 668642.600 289708.400
1240000 703999.800 287258.500
1241000 681060.100 295960.400
1242000 772647.100 317405.400
1243000 727886.800 280315.300
1244000 761263.000 311247.500
1245000 658614.100 272610.500
1246000 668774.500 320608.200
1247000 658479.500 282632.400
1248000 668102.100 302463.000
1249000 731955.400 290123.600
1250000 695981.500 284319.700
1251000 709800.200 314025.900
1252000 734835.100 297915.700
1253000 726021.900 279985.500
1254000 659238.700 256865.600
1255000 620305.900 273016.900
1256000 626942.600 266964.700
1257000 647020.100 273821.100
1258000 665807.200 292646.400
1259000 676890.800 305563.800
1260000 718306.200 263000.500
1261000 661288.800 287041.700
1262000 700269.000 291248.500
1263000 791723.700 297811.500
1264000 736805.000 273047.200
1265000 683819.800 277061.200
1266000 747851.800 285042.400
1267000 683339.500 265034.400
1268000 642489.700 298024.900
1269000 702436.400 262341.100
1270000 636423.800 294747.900
1271000 727503.900 272851.600
1272000 647578.000 295007.700
1273000 629711.200 292684.900
1274000 716157.100 309009.600
1275000 757066.700 325026.300
1276000 719411.800 275163.200
1277000 669995.600 260887.000
1278000 735185.000 310347.200
1279000 652653.900 261660.500
1280000 648155.100 290026.600
1281000 684594.900 309853.200
1282000 688748.100 269618.400
1283000 762130.500 306032.000
1284000 766564.500 322947.600
1285000 745277.000 329523.700
1286000 736268.300 308219.100
1287000 658653.500 334776.700
1288000 738445.100 326006.800
1289000 755741.600 326561.800
1290000 720748.200 298872.100
1291000 639169.300 273205.800
1292000 729308.900 321169.200
1293000 702350.600 282171.500
1294000 693504.800 303534.500
1295000 658404.700 291603.200
1296000 648185.200 283052.500
1297000 692797.700 278306.000
1298000 629063.900 268258.300
1299000 710340.000 338860.800
1300000 725099.000 312309.300
1301000 756371.600 322077.600
1302000 777823.000 309327.300
1303000 749572.800 330307.400
1304000 749570.400 315669.700
1305000 735917.200 323901.500
1306000 801634.300 313105.200
1307000 794674.300 320103.500
1308000 798798.400 328789.800
1309000 752864.300 335721.800
1310000 803461.300 341332.400
1311000 748631.000 322989.800
1312000 808011.600 341518.000
1313000 780864.000 302653.800
1314000 761601.200 372275.600
1315000 751382.100 301213.000
1316000 708904.700 330354.000
1317000 727351.600 305919.900
1318000 670603.900 276876.900
1319000 711812.600 310246.700
1320000 755334.800 312584.500
1321000 802554.900 314711.100
1322000 718170.900 291339.900
1323000 763907.000 329819.300
1324000 756416.300 330740.600
1325000 733618.900 313564.500
1326000 728920.700 304380.700
1327000 730403.500 311846.400
1328000 766380.300 302365.300
1329000 705321.500 317269.100
1330000 715206.200 341728.800
1331000 730781.300 300346.800
1332000 809059.100 374488.900
1333000 792987.600 304591.400
1334000 730247.300 305945.600
1335000 717943.600 320337.400
1336000 759727.200 338502.600
1337000 729456.600 329746.000
1338000 723969.200 304921.700
1339000 791002.300 308213.900
1340000 748767.200 329189.800
1341000 789521.300 308474.500
1342000 793825.200 310561.600
1343000 726772.100 304229.800
1344000 800148.500 333903.700
1345000 730609.000 313438.300
1346000 752569.700 330198.000
1347000 758275.400 303103.300
1348000 697041.100 277158.700
1349000 712466.000 314583.600
1350000 717437.500 316612.300
1351000 764243.700 329541.700
1352000 726421.300 306918.800
1353000 733960.800 308926.100
1354000 728575.200 334941.200
1355000 719966.000 308421.100
1356000 768360.200 303211.000
1357000 780377.400 318890.200
1358000 743959.600 300601.700
1359000 792693.900 310866.800
1360000 735065.900 307394.100
1361000 733024.200 317533.500
1362000 732145.000 312363.800
1363000 770012.700 358067.500
1364000 794091.700 310793.900
1365000 710229.700 314246.200
1366000 721632.400 314073.500
1367000 730219.200 301515.300
1368000 785896.300 303541.700
1369000 734612.900 318628.300
1370000 731027.900 340346.600
1371000 793433.500 293469.300
1372000 679198.000 309328.500
1373000 795886.600 291855.800
1374000 717710.700 332900.300
1375000 774688.500 312790.800
1376000 819397.400 337040.100
1377000 865082.600 338523.700
1378000 823006.600 331456.400
1379000 841533.300 337242.300
1380000 702967.300 316257.600
1381000 860336.600 313096.400
1382000 686122.700 326817.100
1383000 738680.700 315071.900
1384000 734173.500 324973.900
1385000 836349.500 317012.200
1386000 776483.200 325725.800
1387000 819241.900 333846.300
1388000 774782.800 326512.300
1389000 758112.900 349351.000
1390000 734652.400 308476.200
1391000 785778.000 329331.700
1392000 759441.200 321096.900
1393000 800631.800 324460.600
1394000 846550.300 310123.700
1395000 757960.300 325355.100
1396000 757511.900 300161.800
1397000 833406.400 326871.700
1398000 796074.100 332841.000
1399000 780697.800 294174.000
1400000 817367.000 352143.900
1401000 761847.000 305211.100
1402000 806474.100 335888.000
1403000 728850.000 323262.900
1404000 713988.500 321469.200
1405000 744021.300 314294.900
1406000 809066.300 308912.900
1407000 760517.900 297571.900
1408000 781926.200 306581.700
1409000 773850.000 352420.100
1410000 761131.400 306573.100
1411000 804259.700 325557.600
1412000 741703.000 317434.600
1413000 770378.100 324905.100
1414000 756211.600 308599.900
1415000 740445.300 355226.700
1416000 801372.200 329808.500
1417000 778726.700 345082.900
1418000 798274.600 316354.400
1419000 779222.000 342237.100
1420000 777164.000 324108.300
1421000 772102.500 333800.100
1422000 786052.200 338889.200
1423000 785568.200 342801.700
1424000 826312.800 315757.900
1425000 770918.100 320867.600
1426000 851975.800 372266.200
1427000 799501.100 343722.100
1428000 830263.300 349860.500
1429000 796868.100 336950.700
1430000 779396.300 371279.400
1431000 832989.400 311964.500
1432000 784811.400 313418.300
1433000 786047.200 341571.100
1434000 782619.300 324285.200
1435000 843981.700 321961.600
1436000 849436.600 669370.500
1437000 1039204.500 328625.700
1438000 811628.400 305606.100
1439000 730788.700 302272.300
1440000 829447.000 367248.100
1441000 811438.600 337249.800
1442000 780286.800 320307.300
1443000 789681.500 325167.000
1444000 851076.000 335737.700
1445000 832987.400 368148.400
1446000 788361.300 336423.400
1447000 835976.500 350292.800
1448000 816744.700 336394.100
1449000 771122.900 310071.400
1450000 874883.600 372228.500
1451000 871811.900 314298.500
1452000 894027.800 345980.900
1453000 900070.000 364615.900
1454000 908310.100 367733.400
1455000 888873.400 381651.700
1456000 901150.500 340705.500
1457000 916978.600 363594.900
1458000 822736.100 330231.200
1459000 725322.300 301481.600
1460000 768501.400 310178.700
1461000 780235.600 356398.100
1462000 759011.000 325460.300
1463000 757593.900 311189.000
1464000 756992.700 316953.900
1465000 737315.400 309511.800
1466000 748021.200 316370.600
1467000 757922.200 307713.900
1468000 739935.100 351397.500
1469000 818219.100 331612.900
1470000 818233.800 348838.400
1471000 848663.800 383666.800
1472000 869854.000 365675.600
1473000 875808.500 322753.100
1474000 928188.800 335961.500
1475000 785793.800 346789.800
1476000 999165.300 429796.000
1477000 997439.500 398125.600
1478000 995802.700 329767.100
1479000 874119.200 330012.600
1480000 831559.100 324513.200
1481000 814163.200 343994.400
1482000 934924.000 407064.900
1483000 870988.900 361292.800
1484000 854763.200 350298.300
1485000 907606.400 367852.200
1486000 896000.000 344397.400
1487000 797768.400 350187.400
1488000 895670.200 338837.600
1489000 783897.600 416801.300
1490000 962868.900 380521.800
1491000 840167.800 356944.400
1492000 802990.400 314058.500
1493000 742778.700 309193.500
1494000 758136.400 310246.300
1495000 731771.400 311977.600
1496000 779711.700 308997.900
1497000 726605.300 313853.700
1498000 782058.100 325456.700
1499000 779104.300 305987.600
1500000 792314.700 331698.200
1501000 796791.400 338322.800
1502000 826637.000 363092.500
1503000 948790.200 419845.700
1504000 983259.700 349977.900
1505000 855515.900 339897.000
1506000 771402.900 315577.200
1507000 759153.700 331762.500
1508000 899228.800 327150.200
1509000 877504.400 355132.000
1510000 860114.600 362279.800
1511000 889699.800 354298.200
1512000 918570.600 365937.100
1513000 735387.100 325142.000
1514000 859078.600 316634.400
1515000 767865.700 320802.900
1516000 900918.400 333623.600
1517000 770047.100 351145.100
1518000 812526.700 358898.600
1519000 799474.500 316138.000
1520000 814326.600 326605.600
1521000 787501.400 314397.700
1522000 762786.700 316009.900
1523000 753758.500 304492.800
1524000 724347.800 337505.700
1525000 742747.400 322607.200
1526000 787305.800 315297.200
1527000 786047.300 352605.400
1528000 811379.200 348181.000
1529000 834741.800 356689.500
1530000 809036.700 349059.100
1531000 817802.700 351664.900
1532000 811939.000 342157.100
1533000 896802.100 347638.600
1534000 870405.800 352598.700
1535000 860655.300 360639.700
1536000 821865.700 341634.300
1537000 810681.600 327235.700
1538000 776837.200 342611.600
1539000 811736.800 346667.100
1540000 839896.200 335123.400
1541000 866196.600 327313.300
1542000 794480.000 344040.600
1543000 828188.000 334339.700
1544000 820574.600 340001.000
1545000 845430.800 364662.100
1546000 914972.500 377289.800
1547000 881433.900 376384.100
1548000 844765.200 336043.700
1549000 830120.400 344682.200
1550000 866839.000 380654.700
1551000 895267.300 357601.400
1552000 885310.300 392464.500
1553000 905397.300 350871.500
1554000 820254.700 340481.400
1555000 914344.800 374828.900
1556000 867125.900 374453.500
1557000 836541.600 378484.600
1558000 909555.200 408259.000
1559000 889847.800 370262.900
1560000 866980.700 401461.300
1561000 788547.500 331325.200
1562000 800430.700 346471.400
1563000 827326.100 358474.200
1564000 878317.100 347235.300
1565000 814901.800 372808.800
1566000 929473.500 380090.500
1567000 911940.700 394279.500
1568000 996235.100 389820.700
1569000 839914.300 403071.900
1570000 938857.000 327394.600
1571000 951216.600 393235.900
1572000 901822.800 370228.600
1573000 926911.500 375294.600
1574000 873575.400 370127.600
1575000 902450.400 421753.600
1576000 883013.500 409361.000
1577000 900625.700 387647.600
1578000 941240.300 399031.800
1579000 996123.100 387490.100
1580000 898878.700 366092.200
1581000 840355.100 366933.200
1582000 846734.600 395737.200
1583000 963966.500 399345.700
1584000 917092.800 376948.800
1585000 905645.500 340364.700
1586000 872666.000 360663.800
1587000 855586.400 377968.400
1588000 854117.400 348703.000
1589000 926097.200 388450.800
1590000 1001588.600 386846.100
1591000 906017.600 391754.200
1592000 885517.300 353650.600
1593000 820562.700 341650.600
1594000 935474.800 394151.800
1595000 961734.600 396857.300
1596000 891105.600 380736.500
1597000 862929.700 399091.200
1598000 936777.000 361482.300
1599000 917469.400 389581.000
1600000 907858.500 371091.900
1601000 946289.900 364629.000
1602000 925213.100 396139.100
1603000 895829.500 365624.100
1604000 830733.800 345836.100
1605000 926144.800 403946.700
1606000 986596.700 395615.500
1607000 951125.400 350010.700
1608000 864112.800 384262.300
1609000 869241.900 369457.300
1610000 881418.900 371601.800
1611000 927191.300 376645.900
1612000 982821.300 387420.600
1613000 805383.000 353547.200
1614000 810072.800 338080.900
1615000 789164.900 332234.100
1616000 814897.300 396684.400
1617000 854122.900 365610.200
1618000 935573.900 370802.600
1619000 897539.400 375226.300
1620000 1041536.600 400964.900
1621000 977664.900 397489.100
1622000 1079497.300 416735.900
1623000 1089835.200 452335.700
1624000 1064573.000 432003.200
1625000 1070809.900 378603.700
1626000 1046363.100 475768.100
1627000 915532.700 357918.800
1628000 887672.500 411531.000
1629000 974666.600 416942.900
1630000 938528.100 379175.000
1631000 945123.500 378647.300
1632000 932351.800 379992.800
1633000 950819.900 406662.800
1634000 872339.200 389540.400
1635000 910954.300 400202.200
1636000 924417.700 376365.400
1637000 873999.800 383651.100
1638000 954812.300 369609.600
1639000 877099.000 366689.600
1640000 829040.700 342924.400
1641000 861423.300 375756.600
1642000 809979.900 344078.200
1643000 830503.700 349536.200
1644000 799005.800 328117.300
1645000 876006.900 384958.100
1646000 908536.700 397214.000
1647000 850527.300 341607.500
1648000 792780.300 330562.100
1649000 849759.000 357414.000
1650000 824070.500 356964.000
1651000 837090.000 342063.800
1652000 802789.500 334101.400
1653000 856692.200 330417.400
1654000 819865.600 347002.300
1655000 834980.300 342942.500
1656000 842535.700 357470.800
1657000 861218.300 352356.500
1658000 814121.200 345883.000
1659000 832873.900 345247.800
1660000 808203.700 334890.400
1661000 844505.000 352622.000
1662000 805544.800 349101.800
1663000 843208.000 350054.400
1664000 822227.900 323797.300
1665000 845331.600 354785.200
1666000 817377.100 363825.600
1667000 840505.700 363380.600
1668000 820479.100 337878.100
1669000 849091.600 350988.600
1670000 815312.300 354314.400
1671000 852040.600 367306.400
1672000 834711.800 354391.400
1673000 873734.100 373607.100
1674000 831891.900 348677.500
1675000 841352.000 350308.400
1676000 824699.200 340806.800
1677000 889865.000 359566.600
1678000 825823.300 343480.000
1679000 836208.900 345364.500
1680000 822738.600 331395.100
1681000 926774.200 370635.500
1682000 847416.200 373934.600
1683000 852509.800 352979.900
1684000 860121.300 357953.900
1685000 1050842.100 383466.100
1686000 864332.000 364291.700
1687000 854542.300 357297.900
1688000 823187.500 347954.600
1689000 877679.600 355914.000
1690000 833331.700 355972.800
1691000 847062.300 339377.800
1692000 808439.800 336206.200
1693000 870342.400 353808.400
1694000 910830.800 392792.600
1695000 928562.400 353323.100
1696000 833051.300 374145.100
1697000 854001.300 350338.500
1698000 903654.800 392201.300
1699000 914985.900 350193.100
1700000 958907.900 408433.400
1701000 881708.000 385236.700
1702000 915721.200 382264.900
1703000 897537.200 379505.100
1704000 966669.500 394737.700
1705000 949348.500 422386.700
1706000 888307.700 344694.900
1707000 861070.300 349512.300
1708000 943256.500 369513.700
1709000 902091.900 367645.800
1710000 877782.800 372646.200
1711000 896394.500 392635.800
1712000 904009.800 384808.000
1713000 872383.800 373668.400
1714000 928696.100 422452.600
1715000 1060139.700 376745.300
1716000 1042121.000 391150.700
1717000 926858.700 384681.100
1718000 1101217.400 497100.800
1719000 1067969.100 399911.500
1720000 1079852.700 400851.500
1721000 890919.200 353678.300
1722000 895701.100 400228.700
1723000 1095303.900 386977.800
1724000 967994.300 387288.300
1725000 990000.100 439338.900
1726000 1046092.200 383221.400
1727000 976546.700 463190.000
1728000 1048068.700 451175.300
1729000 1038675.700 422548.900
1730000 1040168.300 428274.600
1731000 1071770.200 406572.800
1732000 963119.700 426504.500
1733000 1084298.800 409362.800
1734000 970591.300 445483.300
1735000 1134314.500 406666.400
1736000 1098865.800 432841.300
1737000 1028855.600 436794.500
1738000 954871.000 395530.200
1739000 895965.900 423507.700
1740000 975393.700 434181.400
1741000 1068598.300 468634.700
1742000 1100044.100 409579.200
1743000 951022.100 389363.600
1744000 950368.600 356214.700
1745000 1032601.700 378917.100
1746000 1039284.500 405694.400
1747000 1010773.400 368954.600
1748000 968394.400 386502.900
1749000 888313.100 376193.100
1750000 919655.200 380435.400
1751000 856492.600 352709.200
1752000 915625.300 376568.900
1753000 875799.800 371748.300
1754000 896657.600 378854.600
1755000 858818.000 366424.800
1756000 955067.900 399741.300
1757000 905679.700 395294.800
1758000 901430.100 367300.700
1759000 944920.300 418231.100
1760000 862082.000 371648.100
1761000 885408.000 375101.800
1762000 866736.000 351984.300
1763000 918567.600 398016.700
1764000 882493.300 387626.800
1765000 934641.500 378615.900
1766000 887528.100 359585.600
1767000 932473.700 396030.100
1768000 912943.400 391774.700
1769000 895023.000 363278.600
1770000 896031.200 378035.300
1771000 903209.400 393232.500
1772000 962156.900 406287.900
1773000 921753.500 378596.300
1774000 913559.600 370175.200
1775000 912220.100 406203.800
1776000 932009.000 401590.700
1777000 917968.500 381034.400
1778000 910556.200 361217.400
1779000 907799.400 383197.300
1780000 892609.600 366354.100
1781000 950209.500 412880.000
1782000 1009186.100 414278.200
1783000 982758.900 467643.300
1784000 985562.100 422682.400
1785000 1074298.500 423960.500
1786000 1038931.800 429671.800
1787000 958850.100 418622.300
1788000 939510.700 377226.900
1789000 947117.800 394575.000
1790000 979477.500 387983.900
1791000 942033.600 378217.000
1792000 945168.700 378183.900
1793000 969671.500 400518.300
1794000 918950.400 395268.500
1795000 884213.700 423686.100
1796000 927786.200 385982.700
1797000 939492.600 380456.600
1798000 907627.800 369624.400
1799000 950189.200 369519.400
1800000 961135.000 409378.000
1801000 974780.100 404219.500
1802000 1076124.200 450710.400
1803000 953898.400 422246.200
1804000 1032335.500 485917.800
1805000 1048900.900 409964.200
1806000 1087689.700 427608.800
1807000 1038732.600 394210.100
1808000 899794.400 361725.800
1809000 949007.100 371733.400
1810000 915453.900 380109.600
1811000 922126.600 376846.500
1812000 885446.100 375550.100
1813000 929644.100 364877.400
1814000 932869.200 379730.200
1815000 907048.100 383045.100
1816000 896904.200 397191.200
1817000 906748.000 378624.700
1818000 927378.400 379359.500
1819000 904815.400 392441.600
1820000 954839.000 376244.600
1821000 1053344.200 445414.000
1822000 986081.700 477625.900
1823000 1022016.300 482430.100
1824000 1002296.600 430408.800
1825000 1012728.100 447844.000
1826000 1029209.200 375170.100
1827000 1068467.500 448625.900
1828000 1049789.500 449868.400
1829000 1049008.700 455410.300
1830000 1105633.800 435543.800
1831000 1100277.000 459360.100
1832000 1112757.600 466323.200
1833000 1151414.500 460922.300
1834000 1070760.700 444446.700
1835000 1062755.800 432085.100
1836000 1093538.200 369877.900
1837000 1077672.700 458205.600
1838000 943758.400 369581.400
1839000 909242.000 439436.900
1840000 900686.600 385372.000
1841000 934329.100 381714.000
1842000 913580.200 394933.700
1843000 960987.700 378297.500
1844000 928523.100 386266.700
1845000 940285.700 381847.400
1846000 879420.200 375217.900
1847000 943187.900 395244.000
1848000 924723.400 384274.600
1849000 968165.200 386414.400
1850000 923076.300 419637.800
1851000 932157.000 424148.600
1852000 930567.400 374941.400
1853000 906545.400 380457.800
1854000 944750.400 372645.200
1855000 935503.200 385623.800
1856000 923345.600 380334.600
1857000 902040.500 412178.300
1858000 951604.600 395364.300
1859000 939272.300 383999.400
1860000 921176.700 371978.300
1861000 967470.100 395460.400
1862000 941302.900 393138.100
1863000 930757.400 380485.500
1864000 900416.300 389347.400
1865000 960945.900 397918.900
1866000 941797.800 407608.700
1867000 917092.500 393675.100
1868000 937806.100 439330.500
1869000 927683.400 387957.600
1870000 936721.500 402941.000
1871000 919571.400 383950.400
1872000 981891.000 408920.500
1873000 950635.300 392091.800
1874000 927842.200 378153.200
1875000 916988.100 426242.900
1876000 917456.700 394460.600
1877000 966770.700 382430.600
1878000 902908.600 394013.600
1879000 986955.500 382878.000
1880000 951051.600 397403.400
1881000 961878.200 403526.000
1882000 920406.200 392910.900
1883000 939647.600 390895.200
1884000 959168.400 410690.400
1885000 939358.800 388623.100
1886000 973349.100 390031.600
1887000 941112.600 404116.300
1888000 1030482.900 518845.800
1889000 1091765.700 468785.700
1890000 1170165.800 424509.000
1891000 966532.000 405520.300
1892000 924837.100 387528.400
1893000 971624.300 393290.100
1894000 965291.300 401041.200
1895000 953334.200 389886.300
1896000 957479.900 406145.600
1897000 957825.100 402298.500
1898000 965673.100 390997.000
1899000 952626.300 391627.300
1900000 990555.000 400522.400
1901000 971652.400 393558.900
1902000 959133.200 397381.200
1903000 974670.200 433223.900
1904000 976904.400 416994.200
1905000 961784.200 424168.600
1906000 946235.500 386626.200
1907000 999211.100 402758.300
1908000 994392.000 395892.400
1909000 929039.500 390347.700
1910000 989071.200 418029.000
1911000 965966.700 403172.200
1912000 960985.100 380684.100
1913000 939997.600 382548.000
1914000 997088.500 405100.900
1915000 987877.000 403811.300
1916000 938319.000 381721.200
1917000 1038944.500 407895.900
1918000 970580.600 420624.000
1919000 966485.300 387136.000
1920000 969260.200 411406.500
1921000 990028.400 409618.500
1922000 989769.300 401148.200
1923000 978054.000 394475.500
1924000 982306.900 398484.600
1925000 988496.100 404799.500
1926000 948612.700 398152.600
1927000 939935.600 403717.800
1928000 998483.500 416145.300
1929000 1006572.700 396849.300
1930000 950788.600 411837.000
1931000 985694.100 390613.600
1932000 984864.200 420189.200
1933000 964064.500 403495.900
1934000 947656.300 431641.600
1935000 993119.200 417896.100
1936000 976563.700 416661.000
1937000 961940.100 395878.800
1938000 1006086.800 395390.000
1939000 996981.800 401346.000
1940000 980190.100 418513.300
1941000 938705.000 445359.500
1942000 981134.300 421053.800
1943000 988128.100 404109.900
1944000 941143.000 387514.700
1945000 1014439.900 411844.100
1946000 997402.800 415369.500
1947000 976153.700 385775.800
1948000 1002509.200 436249.500
1949000 996523.700 429855.400
1950000 999925.700 412468.900
1951000 982846.800 395856.400
1952000 1033013.400 415247.400
1953000 989142.000 406057.500
1954000 963564.200 390876.400
1955000 1023958.700 413749.400
1956000 1006273.000 409861.700
1957000 968441.900 389109.300
1958000 969963.200 456228.600
1959000 1004354.100 432576.500
1960000 993083.900 407693.400
1961000 951937.300 390650.200
1962000 1029952.400 427851.700
1963000 1002880.400 410724.800
1964000 972431.500 407856.300
1965000 985174.700 424126.800
1966000 1022371.200 415983.200
1967000 975841.900 423609.700
1968000 973916.000 409758.400
1969000 1015290.700 417475.000
1970000 1012099.100 413846.300
1971000 969635.300 404005.300
1972000 1017597.700 407824.700
1973000 1035698.500 424047.000
1974000 972386.700 417678.500
1975000 999487.900 485205.400
1976000 1008563.400 421680.300
1977000 1072299.100 414380.000
1978000 1033765.600 430048.500
1979000 1111532.600 450774.100
1980000 1057055.200 432072.700
1981000 1003318.800 418439.200
1982000 1075487.900 449367.100
1983000 1041100.600 430946.000
1984000 998438.900 413928.300
1985000 1043975.000 440881.000
1986000 1053714.200 449152.100
1987000 1020080.500 448603.300
1988000 1101562.800 528316.000
1989000 1129245.400 462685.600
1990000 1081003.100 521091.900
1991000 1289786.400 433061.900
1992000 1019823.800 423496.100
1993000 997549.800 430815.800
1994000 1132475.200 538535.200
1995000 1022149.300 426510.000
1996000 1200641.000 420601.600
1997000 994014.900 435016.300
1998000 1024820.000 500454.800
1999000 1079762.100 450011.900
2000000 1023452.100 407111.700
